DVAL1   -16.0000-15.0000-14.0000-13.0000-12.0000-11.5000-11.0000-10.5000-10.2500
DVAL2   -10.0000 -9.7500 -9.5000 -9.3000 -9.1000 -8.9500 -8.8000 -8.6500 -8.5000
DVAL3    -8.3500 -8.2000 -8.0500 -7.9000 -7.7500 -7.6500 -7.5500 -7.4500 -7.3500
DVAL4    -7.2500 -7.1500 -7.0000 -6.8500 -6.7000 -6.5500 -6.4000 -6.2500 -6.0500
DVAL5    -5.8500 -5.6000 -5.3000 -5.0000 -4.5000 -4.0000 -3.0000
ETA01   -18.2312-15.9286-13.6260-11.3234 -9.0208 -7.8694 -6.7178 -5.5656 -4.9889
ETA02    -4.4115 -3.8325 -3.2511 -2.7828 -2.3100 -1.9509 -1.5861 -1.2135 -0.8297
ETA03    -0.4304 -0.0094  0.4418  0.9346  1.4844  1.8924  2.3419  2.8415  3.4012
ETA04     4.0323  4.7475  6.0093  7.5463  9.4199 11.6993 14.4623 17.7951 23.2907
ETA05    30.2173 41.3085 58.9843 82.5543138.9479224.6415541.8970
    1    1   4.9198470  13.2959500   4.9198470   1.0000000  13.2959600
    2    1   5.9198470  13.2959500   5.9198470   1.0000000  13.2959600
    3    1   6.9198470  13.2959500   6.9198470   1.0000000  13.2959600
    4    1   7.9198480  13.2959500   7.9198460   1.0000010  13.2959600
    5    1   8.9198570  13.2959600   8.9198420   1.0000210  13.2959600
    6    1   9.4198770  13.2959800   9.4198320   1.0000690  13.2959500
    7    1   9.9199420  13.2960400   9.9197990   1.0002200  13.2959100
    8    1  10.4201400  13.2962500  10.4196900   1.0006960  13.2958100
    9    1  10.6703800  13.2964900  10.6695700   1.0012360  13.2956900
   10    1  10.9208000  13.2969000  10.9193600   1.0021980  13.2954800
   11    1  11.1715400  13.2976500  11.1689900   1.0039010  13.2951100
   12    1  11.4228600  13.2989600  11.4183300   1.0069120  13.2944500
   13    1  11.6246100  13.3007100  11.6174500   1.0109020  13.2935700
   14    1  11.8273700  13.3034700  11.8160500   1.0171460  13.2921700
   15    1  11.9804300  13.3065300  11.9644900   1.0240130  13.2906100
   16    1  12.1347000  13.3108100  12.1123000   1.0335160  13.2884200
   17    1  12.2906600  13.3167600  12.2592100   1.0465590  13.2853400
   18    1  12.4489000  13.3250100  12.4048800   1.0642580  13.2810000
   19    1  12.6102300  13.3363400  12.5488200   1.0879100  13.2749400
   20    1  12.7756400  13.3517500  12.6903500   1.1188660  13.2664700
   21    1  12.9463200  13.3724200  12.8285900   1.1582800  13.2547200
   22    1  13.1235800  13.3996900  12.9623900   1.2066970  13.2385100
   23    1  13.3087500  13.4348600  13.0902700   1.2635370  13.2164000
   24    1  13.4371600  13.4632700  13.1713900   1.3051210  13.1975200
   25    1  13.5698300  13.4959500  13.2485700   1.3484810  13.1747000
   26    1  13.7068800  13.5329900  13.3212600   1.3922910  13.1474000
   27    1  13.8482600  13.5743700  13.3889900   1.4350780  13.1151300
   28    1  13.9938100  13.6199200  13.4514300   1.4753980  13.0775800
   29    1  14.1432100  13.6693300  13.5084900   1.5120160  13.0346500
   30    1  14.3736200  13.7497500  13.5845100   1.5582490  12.9606800
   31    1  14.6101300  13.8362600  13.6508500   1.5933470  12.8770400
   32    1  14.8511200  13.9272600  13.7103900   1.6183250  12.7866000
   33    1  15.0952300  14.0213700  13.7658100   1.6352800  12.6920500
   34    1  15.3414200  14.1175800  13.8189700   1.6464410  12.5952500
   35    1  15.5889600  14.2151400  13.8708700   1.6536480  12.4972000
   36    1  15.9203200  14.3465300  13.9389800   1.6593530  12.3654000
   37    1  16.2525300  14.4787800  14.0064200   1.6624020  12.2329500
   38    1  16.6683800  14.6447100  14.0902300   1.6641970  12.0669700
   39    1  17.1677700  14.8442300  14.1904800   1.6648430  11.8676000
   40    1  17.6672000  15.0438800  14.2905900   1.6646140  11.6682900
   41    1  18.4991400  15.3764700  14.4573200   1.6628140  11.3368700
   42    1  19.3296200  15.7083700  14.6240400   1.6586040  11.0074900
   43    1  20.9780800  16.3657500  14.9585300   1.6326640  10.3658800
    1    2   5.4198470  13.4959600   5.4198470   1.0000000  13.4959800
    2    2   6.4198470  13.4959600   6.4198470   1.0000000  13.4959800
    3    2   7.4198470  13.4959600   7.4198470   1.0000000  13.4959800
    4    2   8.4198480  13.4959600   8.4198460   1.0000010  13.4959800
    5    2   9.4198570  13.4959700   9.4198420   1.0000210  13.4959700
    6    2   9.9198770  13.4959900   9.9198320   1.0000690  13.4959600
    7    2  10.4199400  13.4960500  10.4197900   1.0002200  13.4959300
    8    2  10.9201400  13.4962600  10.9196900   1.0006960  13.4958300
    9    2  11.1703800  13.4964900  11.1695700   1.0012360  13.4957100
   10    2  11.4208000  13.4969100  11.4193600   1.0021980  13.4955000
   11    2  11.6715400  13.4976500  11.6689900   1.0039010  13.4951300
   12    2  11.9228600  13.4989700  11.9183300   1.0069120  13.4944700
   13    2  12.1246100  13.5007200  12.1174500   1.0109010  13.4935800
   14    2  12.3273700  13.5034800  12.3160500   1.0171460  13.4921900
   15    2  12.4804300  13.5065400  12.4644900   1.0240120  13.4906300
   16    2  12.6347000  13.5108200  12.6123000   1.0335140  13.4884400
   17    2  12.7906600  13.5167700  12.7592100   1.0465570  13.4853500
   18    2  12.9489000  13.5250200  12.9048800   1.0642550  13.4810200
   19    2  13.1102300  13.5363500  13.0488200   1.0879060  13.4749600
   20    2  13.2756400  13.5517600  13.1903500   1.1188610  13.4664900
   21    2  13.4463100  13.5724300  13.3285900   1.1582720  13.4547400
   22    2  13.6235700  13.5996900  13.4623800   1.2066860  13.4385300
   23    2  13.8087400  13.6348600  13.5902600   1.2635230  13.4164200
   24    2  13.9371600  13.6632800  13.6713900   1.3051040  13.3975400
   25    2  14.0698200  13.6959500  13.7485700   1.3484600  13.3747300
   26    2  14.2068600  13.7329900  13.8212600   1.3922660  13.3474200
   27    2  14.3482400  13.7743700  13.8889900   1.4350500  13.3151600
   28    2  14.4937900  13.8199200  13.9514300   1.4753620  13.2776100
   29    2  14.6431900  13.8693300  14.0084900   1.5119750  13.2346900
   30    2  14.8735900  13.9497300  14.0845000   1.5581970  13.1607200
   31    2  15.1100900  14.0362400  14.1508500   1.5932830  13.0771000
   32    2  15.3510700  14.1272400  14.2103800   1.6182470  12.9866700
   33    2  15.5951700  14.2213400  14.2658100   1.6351820  12.8921400
   34    2  15.8413400  14.3175400  14.3189600   1.6463180  12.7953600
   35    2  16.0888600  14.4150900  14.3708600   1.6534930  12.6973400
   36    2  16.4201800  14.5464600  14.4389800   1.6591450  12.5655900
   37    2  16.7523400  14.6786900  14.5064200   1.6621190  12.4332100
   38    2  17.1681200  14.8445800  14.5902300   1.6637840  12.2673500
   39    2  17.6673400  15.0440200  14.6904900   1.6641920  12.0682000
   40    2  18.1665300  15.2435400  14.7905900   1.6635870  11.8692400
   41    2  18.9976900  15.5757500  14.9573400   1.6606410  11.5388700
   42    2  19.8265800  15.9068300  15.1241300   1.6540960  11.2117100
   43    2  21.4655400  16.5592300  15.4601200   1.6161330  10.5828400
    1    3   5.9198470  13.6959700   5.9198470   1.0000000  13.6960100
    2    3   6.9198470  13.6959700   6.9198470   1.0000000  13.6960100
    3    3   7.9198470  13.6959700   7.9198470   1.0000000  13.6960100
    4    3   8.9198480  13.6959700   8.9198460   1.0000010  13.6960100
    5    3   9.9198570  13.6959800   9.9198420   1.0000210  13.6960000
    6    3  10.4198700  13.6960000  10.4198300   1.0000690  13.6959900
    7    3  10.9199400  13.6960700  10.9197900   1.0002200  13.6959600
    8    3  11.4201400  13.6962700  11.4196900   1.0006960  13.6958500
    9    3  11.6703800  13.6965100  11.6695700   1.0012360  13.6957400
   10    3  11.9208000  13.6969300  11.9193600   1.0021980  13.6955300
   11    3  12.1715400  13.6976700  12.1689900   1.0039000  13.6951600
   12    3  12.4228600  13.6989800  12.4183300   1.0069110  13.6944900
   13    3  12.6246100  13.7007400  12.6174500   1.0109010  13.6936100
   14    3  12.8273700  13.7034900  12.8160500   1.0171440  13.6922200
   15    3  12.9804300  13.7065500  12.9644900   1.0240100  13.6906600
   16    3  13.1347000  13.7108300  13.1123000   1.0335130  13.6884600
   17    3  13.2906600  13.7167800  13.2592100   1.0465530  13.6853800
   18    3  13.4489000  13.7250300  13.4048800   1.0642500  13.6810500
   19    3  13.6102300  13.7363600  13.5488100   1.0879000  13.6749800
   20    3  13.7756400  13.7517700  13.6903500   1.1188520  13.6665200
   21    3  13.9463100  13.7724400  13.8285900   1.1582600  13.6547700
   22    3  14.1235700  13.7997000  13.9623800   1.2066690  13.6385600
   23    3  14.3087300  13.8348700  14.0902600   1.2635000  13.6164500
   24    3  14.4371400  13.8632800  14.1713800   1.3050770  13.5975800
   25    3  14.5698100  13.8959500  14.2485600   1.3484270  13.5747600
   26    3  14.7068400  13.9329900  14.3212500   1.3922270  13.5474600
   27    3  14.8482200  13.9743700  14.3889800   1.4350030  13.5152000
   28    3  14.9937600  14.0199100  14.4514200   1.4753080  13.4776600
   29    3  15.1431600  14.0693200  14.5084800   1.5119110  13.4347400
   30    3  15.3735500  14.1497200  14.5845000   1.5581170  13.3607900
   31    3  15.6100300  14.2362200  14.6508500   1.5931830  13.2771800
   32    3  15.8509900  14.3272000  14.7103800   1.6181210  13.1867800
   33    3  16.0950600  14.4213000  14.7658100   1.6350250  13.0922800
   34    3  16.3412100  14.5174800  14.8189600   1.6461230  12.9955300
   35    3  16.5886900  14.6150200  14.8708600   1.6532500  12.8975600
   36    3  16.9199600  14.7463600  14.9389800   1.6588150  12.7658900
   37    3  17.2520500  14.8785400  15.0064200   1.6616730  12.6336200
   38    3  17.6676900  15.0443600  15.0902400   1.6631320  12.4679400
   39    3  18.1666700  15.2436800  15.1904900   1.6631650  12.2691400
   40    3  18.6654600  15.4430100  15.2906000   1.6619740  12.0707200
   41    3  19.4954300  15.7746100  15.4573900   1.6572630  11.7420200
   42    3  20.3218500  16.1044300  15.6243600   1.6472330  11.4182400
   43    3  21.9471700  16.7494900  15.9635700   1.5937190  10.8072800
    1    4   6.4198470  13.8959900   6.4198470   1.0000000  13.8960500
    2    4   7.4198470  13.8959900   7.4198470   1.0000000  13.8960500
    3    4   8.4198470  13.8959900   8.4198470   1.0000000  13.8960500
    4    4   9.4198480  13.8959900   9.4198460   1.0000010  13.8960500
    5    4  10.4198500  13.8960000  10.4198400   1.0000210  13.8960400
    6    4  10.9198700  13.8960200  10.9198300   1.0000690  13.8960300
    7    4  11.4199400  13.8960900  11.4197900   1.0002200  13.8960000
    8    4  11.9201400  13.8962900  11.9196900   1.0006960  13.8959000
    9    4  12.1703800  13.8965300  12.1695700   1.0012360  13.8957800
   10    4  12.4208000  13.8969500  12.4193600   1.0021970  13.8955700
   11    4  12.6715400  13.8976900  12.6689900   1.0039000  13.8952000
   12    4  12.9228600  13.8990100  12.9183300   1.0069110  13.8945400
   13    4  13.1246100  13.9007600  13.1174500   1.0108990  13.8936500
   14    4  13.3273700  13.9035200  13.3160500   1.0171420  13.8922600
   15    4  13.4804200  13.9065700  13.4644900   1.0240080  13.8907000
   16    4  13.6347000  13.9108500  13.6123000   1.0335090  13.8885100
   17    4  13.7906500  13.9168000  13.7592100   1.0465470  13.8854200
   18    4  13.9489000  13.9250500  13.9048800   1.0642430  13.8810900
   19    4  14.1102200  13.9363800  14.0488100   1.0878890  13.8750300
   20    4  14.2756300  13.9517800  14.1903400   1.1188380  13.8665600
   21    4  14.4463000  13.9724500  14.3285900   1.1582410  13.8548100
   22    4  14.6235500  13.9997100  14.4623800   1.2066430  13.8386100
   23    4  14.8087200  14.0348800  14.5902500   1.2634630  13.8165000
   24    4  14.9371200  14.0632900  14.6713800   1.3050330  13.7976300
   25    4  15.0697800  14.0959500  14.7485500   1.3483760  13.7748200
   26    4  15.2068100  14.1329800  14.8212400   1.3921650  13.7475200
   27    4  15.3481800  14.1743600  14.8889700   1.4349290  13.7152700
   28    4  15.4937200  14.2199000  14.9514100   1.4752210  13.6777400
   29    4  15.6431000  14.2693000  15.0084700   1.5118090  13.6348300
   30    4  15.8734800  14.3496900  15.0844900   1.5579900  13.5609000
   31    4  16.1099300  14.4361800  15.1508400   1.5930240  13.4773200
   32    4  16.3508700  14.5271500  15.2103800   1.6179230  13.3869500
   33    4  16.5949000  14.6212300  15.2658000   1.6347790  13.2925000
   34    4  16.8410100  14.7173900  15.3189600   1.6458150  13.1958100
   35    4  17.0884500  14.8149000  15.3708600   1.6528640  13.0979000
   36    4  17.4196300  14.9461900  15.4389800   1.6582930  12.9663600
   37    4  17.7515800  15.0783100  15.5064200   1.6609680  12.8342600
   38    4  18.1670200  15.2440300  15.5902400   1.6621040  12.6688900
   39    4  18.6656000  15.4431500  15.6905000   1.6615510  12.4706200
   40    4  19.1638000  15.6421700  15.7906300   1.6594550  12.2730500
   41    4  19.9919100  15.9728300  15.9575100   1.6520680  11.9469100
   42    4  20.8145900  16.3007200  16.1248900   1.6370090  11.6282100
   43    4  22.4211500  16.9353400  16.4705300   1.5652350  11.0411200
    1    5   6.9198470  14.0960300   6.9198470   1.0000000  14.0961200
    2    5   7.9198470  14.0960300   7.9198470   1.0000000  14.0961200
    3    5   8.9198470  14.0960300   8.9198470   1.0000000  14.0961200
    4    5   9.9198480  14.0960300   9.9198460   1.0000010  14.0961200
    5    5  10.9198500  14.0960300  10.9198400   1.0000210  14.0961100
    6    5  11.4198700  14.0960600  11.4198300   1.0000690  14.0961000
    7    5  11.9199400  14.0961200  11.9197900   1.0002200  14.0960700
    8    5  12.4201400  14.0963300  12.4196900   1.0006960  14.0959700
    9    5  12.6703800  14.0965600  12.6695700   1.0012360  14.0958500
   10    5  12.9208000  14.0969800  12.9193600   1.0021970  14.0956400
   11    5  13.1715400  14.0977200  13.1689900   1.0038990  14.0952700
   12    5  13.4228600  14.0990400  13.4183300   1.0069090  14.0946100
   13    5  13.6246100  14.1007900  13.6174500   1.0108970  14.0937200
   14    5  13.8273600  14.1035500  13.8160500   1.0171390  14.0923300
   15    5  13.9804200  14.1066100  13.9644900   1.0240030  14.0907700
   16    5  14.1347000  14.1108800  14.1123000   1.0335020  14.0885800
   17    5  14.2906500  14.1168400  14.2592100   1.0465400  14.0854900
   18    5  14.4488900  14.1250800  14.4048800   1.0642310  14.0811600
   19    5  14.6102200  14.1364000  14.5488100   1.0878730  14.0751000
   20    5  14.7756200  14.1518100  14.6903400   1.1188150  14.0666400
   21    5  14.9462900  14.1724800  14.8285800   1.1582090  14.0548900
   22    5  15.1235300  14.1997300  14.9623700   1.2066010  14.0386900
   23    5  15.3086900  14.2348900  15.0902400   1.2634070  14.0165800
   24    5  15.4370900  14.2632900  15.1713600   1.3049650  13.9977100
   25    5  15.5697400  14.2959600  15.2485400   1.3482930  13.9749100
   26    5  15.7067600  14.3329800  15.3212300   1.3920660  13.9476200
   27    5  15.8481200  14.3743500  15.3889500   1.4348120  13.9153800
   28    5  15.9936400  14.4198900  15.4514000   1.4750840  13.8778600
   29    5  16.1430000  14.4692700  15.5084600   1.5116490  13.8349700
   30    5  16.3733500  14.5496500  15.5844800   1.5577870  13.7610700
   31    5  16.6097800  14.6361200  15.6508300   1.5927720  13.6775400
   32    5  16.8506700  14.7270600  15.7103700   1.6176090  13.5872300
   33    5  17.0946600  14.8211100  15.7658000   1.6343880  13.4928500
   34    5  17.3407100  14.9172400  15.8189600   1.6453280  13.3962500
   35    5  17.5880700  15.0147000  15.8708600   1.6522550  13.2984600
   36    5  17.9190900  15.1459300  15.9389800   1.6574710  13.1671100
   37    5  18.2508600  15.2779500  16.0064200   1.6598570  13.0352800
   38    5  18.6659500  15.4435000  16.0902500   1.6604900  12.8703700
   39    5  19.1639400  15.6423100  16.1905200   1.6590300  12.6729500
   40    5  19.6611700  15.8408500  16.2906900   1.6555490  12.4767000
   41    5  20.4864500  16.1700500  16.4578000   1.6442070  12.1544400
   42    5  21.3036100  16.4950400  16.6261100   1.6222470  11.8431200
   43    5  22.8858100  17.1154600  16.9835300   1.5317880  11.2858500
    1    6   7.4198470  14.2960800   7.4198470   1.0000000  14.2962200
    2    6   8.4198470  14.2960800   8.4198470   1.0000000  14.2962200
    3    6   9.4198470  14.2960800   9.4198470   1.0000000  14.2962200
    4    6  10.4198400  14.2960800  10.4198400   1.0000010  14.2962200
    5    6  11.4198500  14.2960900  11.4198400   1.0000210  14.2962200
    6    6  11.9198700  14.2961100  11.9198300   1.0000690  14.2962100
    7    6  12.4199400  14.2961700  12.4197900   1.0002190  14.2961800
    8    6  12.9201400  14.2963800  12.9196900   1.0006950  14.2960700
    9    6  13.1703800  14.2966200  13.1695700   1.0012360  14.2959500
   10    6  13.4208000  14.2970300  13.4193600   1.0021960  14.2957400
   11    6  13.6715400  14.2977800  13.6689900   1.0038980  14.2953700
   12    6  13.9228600  14.2990900  13.9183300   1.0069070  14.2947100
   13    6  14.1246100  14.3008400  14.1174500   1.0108940  14.2938300
   14    6  14.3273600  14.3036000  14.3160500   1.0171340  14.2924300
   15    6  14.4804200  14.3066600  14.4644900   1.0239970  14.2908800
   16    6  14.6346900  14.3109300  14.6122900   1.0334930  14.2886800
   17    6  14.7906400  14.3168800  14.7592100   1.0465260  14.2856000
   18    6  14.9488800  14.3251300  14.9048700   1.0642130  14.2812700
   19    6  15.1102100  14.3364500  15.0488000   1.0878470  14.2752100
   20    6  15.2756000  14.3518500  15.1903300   1.1187800  14.2667500
   21    6  15.4462600  14.3725100  15.3285700   1.1581610  14.2550000
   22    6  15.6235000  14.3997600  15.4623500   1.2065340  14.2388100
   23    6  15.8086500  14.4349100  15.5902300   1.2633180  14.2167100
   24    6  15.9370400  14.4633100  15.6713400   1.3048570  14.1978500
   25    6  16.0696700  14.4959600  15.7485200   1.3481620  14.1750500
   26    6  16.2066800  14.5329800  15.8212000   1.3919110  14.1477800
   27    6  16.3480200  14.5743400  15.8889300   1.4346270  14.1155500
   28    6  16.4935300  14.6198600  15.9513700   1.4748660  14.0780500
   29    6  16.6428600  14.6692300  16.0084300   1.5113940  14.0351900
   30    6  16.8731600  14.7495800  16.0844500   1.5574680  13.9613500
   31    6  17.1095500  14.8360200  16.1508100   1.5923730  13.8778800
   32    6  17.3503700  14.9269300  16.2103500   1.6171150  13.7876600
   33    6  17.5942800  15.0209300  16.2657900   1.6337710  13.6934000
   34    6  17.8402000  15.1170000  16.3189500   1.6445580  13.5969400
   35    6  18.0874400  15.2144000  16.3708600   1.6512940  13.4993300
   36    6  18.4182500  15.3455100  16.4389800   1.6561770  13.3682900
   37    6  18.7497200  15.4773800  16.5064300   1.6581150  13.2368800
   38    6  19.1642700  15.6426600  16.5902700   1.6579670  13.0727000
   39    6  19.6613100  15.8409900  16.6905900   1.6551230  12.8766000
   40    6  20.1570800  16.0387700  16.7908600   1.6495710  12.6823500
   41    6  20.9781000  16.3657600  16.9585100   1.6326030  12.3658700
   42    6  21.7873800  16.6865000  17.1287800   1.6018650  12.0648400
   43    6  23.3399800  17.2885500  17.5055800   1.4958520  11.5419900
    1    7   7.9198470  14.4961600   7.9198470   1.0000000  14.4963900
    2    7   8.9198470  14.4961600   8.9198470   1.0000000  14.4963900
    3    7   9.9198470  14.4961600   9.9198470   1.0000000  14.4963900
    4    7  10.9198400  14.4961600  10.9198400   1.0000010  14.4963900
    5    7  11.9198500  14.4961700  11.9198400   1.0000210  14.4963900
    6    7  12.4198700  14.4961900  12.4198300   1.0000690  14.4963800
    7    7  12.9199400  14.4962600  12.9197900   1.0002190  14.4963500
    8    7  13.4201400  14.4964700  13.4196900   1.0006950  14.4962400
    9    7  13.6703800  14.4967000  13.6695700   1.0012350  14.4961200
   10    7  13.9208000  14.4971200  13.9193600   1.0021950  14.4959100
   11    7  14.1715400  14.4978600  14.1689900   1.0038960  14.4955400
   12    7  14.4228500  14.4991800  14.4183300   1.0069040  14.4948800
   13    7  14.6246000  14.5009300  14.6174400   1.0108900  14.4940000
   14    7  14.8273600  14.5036800  14.8160500   1.0171270  14.4926000
   15    7  14.9804200  14.5067400  14.9644900   1.0239860  14.4910500
   16    7  15.1346900  14.5110100  15.1122900   1.0334780  14.4888600
   17    7  15.2906300  14.5169600  15.2592000   1.0465050  14.4857700
   18    7  15.4488700  14.5252000  15.4048700   1.0641840  14.4814500
   19    7  15.6101900  14.5365200  15.5487900   1.0878060  14.4753800
   20    7  15.7755800  14.5519100  15.6903200   1.1187220  14.4669300
   21    7  15.9462300  14.5725700  15.8285500   1.1580820  14.4551800
   22    7  16.1234500  14.5998100  15.9623300   1.2064280  14.4390000
   23    7  16.3085700  14.6349500  16.0901900   1.2631750  14.4169100
   24    7  16.4369500  14.6633300  16.1713100   1.3046840  14.3980600
   25    7  16.5695800  14.6959700  16.2484700   1.3479560  14.3752800
   26    7  16.7065500  14.7329800  16.3211600   1.3916640  14.3480200
   27    7  16.8478600  14.7743200  16.3888800   1.4343350  14.3158200
   28    7  16.9933400  14.8198200  16.4513200   1.4745220  14.2783600
   29    7  17.1426500  14.8691700  16.5083900   1.5109910  14.2355300
   30    7  17.3728900  14.9494800  16.5844200   1.5569630  14.1617800
   31    7  17.6091700  15.0358600  16.6507800   1.5917450  14.0784300
   32    7  17.8498900  15.1267100  16.7103400   1.6163330  13.9883500
   33    7  18.0936700  15.2206500  16.7657700   1.6328000  13.8942700
   34    7  18.3394400  15.3166300  16.8189500   1.6433470  13.7980400
   35    7  18.5864700  15.4139300  16.8708600   1.6497840  13.7007000
   36    7  18.9169300  15.5448500  16.9389900   1.6541500  13.5701500
   37    7  19.2479200  15.6764900  17.0064600   1.6553950  13.4393900
   38    7  19.6616600  15.8413400  17.0903400   1.6540570  13.2763500
   39    7  20.1572200  16.0389200  17.1907600   1.6491430  13.0822500
   40    7  20.6507800  16.2355600  17.2912500   1.6405890  12.8910200
   41    7  21.4655600  16.5592400  17.4600900   1.6160710  12.5828300
   42    7  22.2641200  16.8739700  17.6343300   1.5753520  12.2953500
   43    7  23.7834000  17.4537200  18.0394100   1.4606140  11.8089300
    1    8   8.4198470  14.6963000   8.4198470   1.0000000  14.6966600
    2    8   9.4198470  14.6963000   9.4198470   1.0000000  14.6966600
    3    8  10.4198400  14.6963000  10.4198400   1.0000000  14.6966600
    4    8  11.4198400  14.6963000  11.4198400   1.0000010  14.6966600
    5    8  12.4198500  14.6963100  12.4198400   1.0000210  14.6966600
    6    8  12.9198700  14.6963300  12.9198300   1.0000680  14.6966500
    7    8  13.4199400  14.6963900  13.4197900   1.0002190  14.6966100
    8    8  13.9201400  14.6966000  13.9196900   1.0006950  14.6965100
    9    8  14.1703800  14.6968300  14.1695700   1.0012350  14.6963900
   10    8  14.4208000  14.6972500  14.4193600   1.0021940  14.6961800
   11    8  14.6715400  14.6979900  14.6689900   1.0038930  14.6958100
   12    8  14.9228500  14.6993100  14.9183300   1.0068990  14.6951500
   13    8  15.1246000  14.7010600  15.1174400   1.0108820  14.6942700
   14    8  15.3273500  14.7038100  15.3160400   1.0171140  14.6928700
   15    8  15.4804100  14.7068700  15.4644800   1.0239690  14.6913200
   16    8  15.6346800  14.7111400  15.6122900   1.0334540  14.6891300
   17    8  15.7906200  14.7170800  15.7592000   1.0464720  14.6860500
   18    8  15.9488500  14.7253200  15.9048600   1.0641370  14.6817200
   19    8  16.1101500  14.7366300  16.0487800   1.0877410  14.6756600
   20    8  16.2755200  14.7520200  16.1902900   1.1186330  14.6672100
   21    8  16.4461600  14.7726600  16.3285200   1.1579600  14.6554700
   22    8  16.6233600  14.7998800  16.4622900   1.2062610  14.6392900
   23    8  16.8084700  14.8350000  16.5901600   1.2629500  14.6172200
   24    8  16.9368100  14.8633700  16.6712600   1.3044120  14.5983900
   25    8  17.0694100  14.8959900  16.7484200   1.3476290  14.5756300
   26    8  17.2063500  14.9329700  16.8211000   1.3912740  14.5484100
   27    8  17.3476200  14.9742800  16.8888200   1.4338730  14.5162500
   28    8  17.4930500  15.0197500  16.9512600   1.4739780  14.4788300
   29    8  17.6423000  15.0690600  17.0083300   1.5103540  14.4360800
   30    8  17.8724300  15.1493100  17.0843600   1.5561650  14.3624600
   31    8  18.1085800  15.2356200  17.1507500   1.5907520  14.2792900
   32    8  18.3491300  15.3263700  17.2103100   1.6151010  14.1894400
   33    8  18.5927100  15.4202000  17.2657600   1.6312710  14.0956400
   34    8  18.8382200  15.5160500  17.3189300   1.6414480  13.9997600
   35    8  19.0849300  15.6131800  17.3708600   1.6474210  13.9028600
   36    8  19.4148400  15.7438200  17.4390200   1.6509920  13.7730700
   37    8  19.7451000  15.8750800  17.5065300   1.6511860  13.6433100
   38    8  20.1575900  16.0392900  17.5904900   1.6480710  13.4820000
   39    8  20.6509300  16.2357100  17.6911600   1.6401590  13.2909200
   40    8  21.1412000  16.4306300  17.7921900   1.6274700  13.1041000
   41    8  21.9471800  16.7495200  17.9635400   1.5936550  12.8072600
   42    8  22.7320500  17.0561500  18.1450000   1.5433450  12.5363400
   43    8  24.2167000  17.6104700  18.5864500   1.4289230  12.0851400
    1    9   8.9198470  14.8965100   8.9198470   1.0000000  14.8970800
    2    9   9.9198470  14.8965100   9.9198470   1.0000000  14.8970800
    3    9  10.9198400  14.8965100  10.9198400   1.0000000  14.8970800
    4    9  11.9198400  14.8965100  11.9198400   1.0000010  14.8970800
    5    9  12.9198500  14.8965200  12.9198400   1.0000210  14.8970800
    6    9  13.4198700  14.8965400  13.4198300   1.0000680  14.8970700
    7    9  13.9199400  14.8966100  13.9197900   1.0002190  14.8970400
    8    9  14.4201400  14.8968100  14.4196900   1.0006940  14.8969300
    9    9  14.6703800  14.8970500  14.6695700   1.0012340  14.8968200
   10    9  14.9208000  14.8974600  14.9193600   1.0021910  14.8966100
   11    9  15.1715400  14.8982000  15.1689900   1.0038900  14.8962400
   12    9  15.4228500  14.8995200  15.4183300   1.0068920  14.8955800
   13    9  15.6245900  14.9012700  15.6174400   1.0108690  14.8946900
   14    9  15.8273500  14.9040200  15.8160400   1.0170950  14.8933000
   15    9  15.9804000  14.9070700  15.9644800   1.0239420  14.8917500
   16    9  16.1346500  14.9113400  16.1122700   1.0334160  14.8895600
   17    9  16.2905800  14.9172800  16.2591800   1.0464190  14.8864800
   18    9  16.4488200  14.9255100  16.4048400   1.0640640  14.8821500
   19    9  16.6101000  14.9368100  16.5487500   1.0876390  14.8761000
   20    9  16.7754600  14.9521800  16.6902700   1.1184920  14.8676500
   21    9  16.9460700  14.9728100  16.8284900   1.1577660  14.8559300
   22    9  17.1232400  15.0000000  16.9622400   1.2059970  14.8397700
   23    9  17.3083000  15.0350900  17.0900800   1.2625960  14.8177200
   24    9  17.4366100  15.0634300  17.1711800   1.3039830  14.7989200
   25    9  17.5691500  15.0960200  17.2483300   1.3471130  14.7762000
   26    9  17.7060300  15.1329600  17.3210100   1.3906580  14.7490200
   27    9  17.8472500  15.1742300  17.3887300   1.4331430  14.7169200
   28    9  17.9925800  15.2196400  17.4511700   1.4731190  14.6795900
   29    9  18.1417500  15.2689000  17.5082300   1.5093510  14.6369400
   30    9  18.3717000  15.3490400  17.5842800   1.5549100  14.5635400
   31    9  18.6076500  15.4352300  17.6506900   1.5891930  14.4806500
   32    9  18.8479400  15.5258400  17.7102800   1.6131690  14.3911500
   33    9  19.0912000  15.6194900  17.7657600   1.6288790  14.2977900
   34    9  19.3363000  15.7151300  17.8189500   1.6384860  14.2024600
   35    9  19.5825100  15.8120000  17.8709100   1.6437540  14.1062400
   36    9  19.9115900  15.9422000  17.9391100   1.6461250  13.9776100
   37    9  20.2407200  16.0728700  18.0067100   1.6447610  13.8493900
   38    9  20.6512900  16.2360800  18.0908900   1.6390790  13.6906700
   39    9  21.1413500  16.4307800  18.1920700   1.6270340  13.5039900
   40    9  21.6269200  16.6231600  18.2942500   1.6090530  13.3233200
   41    9  22.4211800  16.9353700  18.4705200   1.5651680  13.0411000
   42    9  23.1898000  17.2317100  18.6637100   1.5078990  12.7886800
   43    9  24.6412800  17.7588900  19.1464300   1.4025140  12.3686700
    1   10   9.4198470  15.0968500   9.4198470   1.0000000  15.0977600
    2   10  10.4198400  15.0968500  10.4198400   1.0000000  15.0977600
    3   10  11.4198400  15.0968500  11.4198400   1.0000000  15.0977600
    4   10  12.4198400  15.0968500  12.4198400   1.0000010  15.0977600
    5   10  13.4198500  15.0968600  13.4198400   1.0000210  15.0977500
    6   10  13.9198700  15.0968800  13.9198300   1.0000680  15.0977400
    7   10  14.4199400  15.0969400  14.4197900   1.0002190  15.0977100
    8   10  14.9201400  15.0971500  14.9196900   1.0006920  15.0976000
    9   10  15.1703800  15.0973800  15.1695700   1.0012310  15.0974900
   10   10  15.4207900  15.0978000  15.4193600   1.0021870  15.0972800
   11   10  15.6715300  15.0985400  15.6689900   1.0038830  15.0969100
   12   10  15.9228400  15.0998500  15.9183200   1.0068790  15.0962500
   13   10  16.1245800  15.1016000  16.1174300   1.0108500  15.0953700
   14   10  16.3273300  15.1043500  16.3160200   1.0170660  15.0939700
   15   10  16.4803700  15.1073900  16.4644600   1.0239000  15.0924200
   16   10  16.6346200  15.1116500  16.6122500   1.0333570  15.0902300
   17   10  16.7905500  15.1175900  16.7591700   1.0463360  15.0871600
   18   10  16.9487600  15.1258000  16.9048100   1.0639460  15.0828400
   19   10  17.1100300  15.1370900  17.0487200   1.0874770  15.0768000
   20   10  17.2753700  15.1524400  17.1902300   1.1182680  15.0683600
   21   10  17.4459300  15.1730400  17.3284300   1.1574580  15.0566500
   22   10  17.6230600  15.2002000  17.4621700   1.2055790  15.0405200
   23   10  17.8080200  15.2352300  17.5899900   1.2620340  15.0185200
   24   10  17.9362700  15.2635300  17.6710600   1.3033040  14.9997500
   25   10  18.0687500  15.2960600  17.7482100   1.3462980  14.9770800
   26   10  18.2055500  15.3329400  17.8208700   1.3896860  14.9499800
   27   10  18.3466400  15.3741400  17.8885800   1.4319930  14.9179900
   28   10  18.4918600  15.4194800  17.9510100   1.4717680  14.8807900
   29   10  18.6408800  15.4686400  18.0081000   1.5077730  14.8383100
   30   10  18.8705700  15.5486200  18.0841800   1.5529400  14.7652300
   31   10  19.1061800  15.6346200  18.1506100   1.5867510  14.6827800
   32   10  19.3460800  15.7250000  18.2102500   1.6101570  14.5938300
   33   10  19.5888200  15.8183800  18.2657600   1.6251650  14.5011600
   34   10  19.8333100  15.9136800  18.3190100   1.6339100  14.4066700
   35   10  20.0787600  16.0101400  18.3710100   1.6381240  14.3114900
   36   10  20.4065300  16.1396600  18.4393600   1.6387360  14.1846100
   37   10  20.7339700  16.2694500  18.5071500   1.6351430  14.0586800
   38   10  21.1417200  16.4311800  18.5918100   1.6259400  13.9037400
   39   10  21.6270700  16.6233300  18.6941500   1.6086090  13.7232200
   40   10  22.1062100  16.8121100  18.7986400   1.5845720  13.5506900
   41   10  22.8858300  17.1154900  18.9835200   1.5317180  13.2858300
   42   10  23.6367600  17.3995900  19.1933500   1.4720710  13.0521600
   43   10  25.0588000  17.8994700  19.7176800   1.3818650  12.6575900
    1   11   9.9198470  15.2973800   9.9198470   1.0000000  15.2988100
    2   11  10.9198400  15.2973800  10.9198400   1.0000000  15.2988100
    3   11  11.9198400  15.2973800  11.9198400   1.0000000  15.2988100
    4   11  12.9198400  15.2973800  12.9198400   1.0000010  15.2988100
    5   11  13.9198500  15.2973900  13.9198400   1.0000200  15.2988100
    6   11  14.4198700  15.2974100  14.4198300   1.0000680  15.2988000
    7   11  14.9199400  15.2974700  14.9197900   1.0002180  15.2987700
    8   11  15.4201400  15.2976800  15.4196900   1.0006900  15.2986600
    9   11  15.6703800  15.2979100  15.6695700   1.0012280  15.2985500
   10   11  15.9207900  15.2983300  15.9193600   1.0021820  15.2983400
   11   11  16.1715200  15.2990700  16.1689700   1.0038710  15.2979700
   12   11  16.4228300  15.3003800  16.4183100   1.0068600  15.2973100
   13   11  16.6245700  15.3021200  16.6174300   1.0108210  15.2964300
   14   11  16.8273100  15.3048600  16.8160200   1.0170180  15.2950400
   15   11  16.9803400  15.3079000  16.9644400   1.0238330  15.2934900
   16   11  17.1345800  15.3121500  17.1122400   1.0332630  15.2913000
   17   11  17.2904900  15.3180700  17.2591400   1.0462040  15.2882300
   18   11  17.4486800  15.3262700  17.4047600   1.0637620  15.2839200
   19   11  17.6099200  15.3375300  17.5486700   1.0872220  15.2778900
   20   11  17.7752000  15.3528500  17.6901500   1.1179140  15.2694700
   21   11  17.9457200  15.3734000  17.8283300   1.1569730  15.2577900
   22   11  18.1227400  15.4005000  17.9620300   1.2049200  15.2417000
   23   11  18.3076100  15.4354400  18.0898200   1.2611490  15.2197600
   24   11  18.4357600  15.4636700  18.1708800   1.3022360  15.2010600
   25   11  18.5681100  15.4961300  18.2480100   1.3450160  15.1784800
   26   11  18.7047700  15.5329100  18.3206400   1.3881590  15.1515000
   27   11  18.8457000  15.5740000  18.3883500   1.4301890  15.1196600
   28   11  18.9907200  15.6192100  18.4507900   1.4696500  15.0826700
   29   11  19.1395100  15.6682300  18.5078800   1.5053040  15.0404500
   30   11  19.3687800  15.7479600  18.5839900   1.5498660  14.9678800
   31   11  19.6038900  15.8336600  18.6505100   1.5829600  14.8861100
   32   11  19.8431500  15.9236800  18.7102200   1.6055010  14.7980200
   33   11  20.0851100  16.0166300  18.7658200   1.6194620  14.7063900
   34   11  20.3286500  16.1114100  18.8191600   1.6269380  14.6131800
   35   11  20.5729600  16.2072700  18.8713200   1.6296310  14.5195600
   36   11  20.8987800  16.3357600  18.9399200   1.6277710  14.3952700
   37   11  21.2237500  16.4642100  19.0082000   1.6211700  14.2726300
   38   11  21.6274500  16.6237400  19.0938700   1.6074950  14.1229600
   39   11  22.1063600  16.8123000  19.1985300   1.5841150  13.9505800
   40   11  22.5772700  16.9962300  19.3072900   1.5542240  13.7880300
   41   11  23.3400100  17.2886000  19.5055600   1.4957750  13.5419700
   42   11  24.0733300  17.5591700  19.7359400   1.4389380  13.3254800
   43   11  25.4709300  18.0330200  20.2978200   1.3665270  12.9503000
    1   12  10.4198400  15.4982200  10.4198400   1.0000000  15.5004800
    2   12  11.4198400  15.4982200  11.4198400   1.0000000  15.5004800
    3   12  12.4198400  15.4982200  12.4198400   1.0000000  15.5004800
    4   12  13.4198400  15.4982200  13.4198400   1.0000010  15.5004800
    5   12  14.4198500  15.4982300  14.4198400   1.0000200  15.5004700
    6   12  14.9198700  15.4982500  14.9198300   1.0000680  15.5004600
    7   12  15.4199400  15.4983100  15.4197900   1.0002170  15.5004300
    8   12  15.9201400  15.4985200  15.9196900   1.0006870  15.5003300
    9   12  16.1703600  15.4987500  16.1695700   1.0012220  15.5002100
   10   12  16.4207900  15.4991600  16.4193500   1.0021720  15.5000000
   11   12  16.6715200  15.4999000  16.6689700   1.0038550  15.4996300
   12   12  16.9228200  15.5012000  16.9183000   1.0068310  15.4989800
   13   12  17.1245500  15.5029400  17.1174100   1.0107730  15.4981000
   14   12  17.3272700  15.5056700  17.3160000   1.0169420  15.4967100
   15   12  17.4803000  15.5087000  17.4644300   1.0237270  15.4951700
   16   12  17.6345200  15.5129400  17.6122100   1.0331150  15.4929900
   17   12  17.7904000  15.5188400  17.7590900   1.0459960  15.4899300
   18   12  17.9485400  15.5270100  17.9047200   1.0634720  15.4856300
   19   12  18.1097400  15.5382300  18.0485800   1.0868180  15.4796100
   20   12  18.2749600  15.5535000  18.1900400   1.1173580  15.4712200
   21   12  18.4453700  15.5739700  18.3281800   1.1562100  15.4595800
   22   12  18.6222600  15.6009700  18.4618500   1.2038850  15.4435600
   23   12  18.8069400  15.6357900  18.5895800   1.2597600  15.4217200
   24   12  18.9349300  15.6639100  18.6706000   1.3005590  15.4031200
   25   12  19.0671000  15.6962300  18.7476900   1.3430080  15.3806800
   26   12  19.2035500  15.7328700  18.8203100   1.3857710  15.3538800
   27   12  19.3442200  15.7737800  18.8880000   1.4273700  15.3222800
   28   12  19.4889300  15.8188000  18.9504500   1.4663490  15.2856000
   29   12  19.6373700  15.8675900  19.0075600   1.5014670  15.2437900
   30   12  19.8660100  15.9469200  19.0837700   1.5451130  15.1720100
   31   12  20.1003200  16.0321500  19.1503900   1.5771330  15.0912700
   32   12  20.3386000  16.1216200  19.2102500   1.5984020  15.0044700
   33   12  20.5794000  16.2139100  19.2660200   1.6108530  14.9144100
   34   12  20.8215300  16.3079300  19.3195900   1.6165410  14.8231000
   35   12  21.0641000  16.4028400  19.3720500   1.6171460  14.7317400
   36   12  21.3871300  16.5298100  19.4412600   1.6120330  14.6111500
   37   12  21.7085700  16.6563200  19.5105100   1.6017030  14.4930500
   38   12  22.1067800  16.8127500  19.5982300   1.5829660  14.3503000
   39   12  22.5774500  16.9964200  19.7071600   1.5537440  14.1879100
   40   12  23.0385200  17.1741400  19.8229600   1.5195940  14.0365400
   41   12  23.7834300  17.4537600  20.0393800   1.4605250  13.8089000
   42   12  24.5006400  17.7103400  20.2917400   1.4106520  13.6067900
   43   12  25.8791600  18.1604400  20.8844900   1.3555830  13.2455700
    1   13  10.9198400  15.6995400  10.9198400   1.0000000  15.7030900
    2   13  11.9198400  15.6995400  11.9198400   1.0000000  15.7030900
    3   13  12.9198400  15.6995400  12.9198400   1.0000000  15.7030900
    4   13  13.9198400  15.6995400  13.9198400   1.0000010  15.7030900
    5   13  14.9198500  15.6995500  14.9198400   1.0000200  15.7030900
    6   13  15.4198700  15.6995700  15.4198300   1.0000670  15.7030800
    7   13  15.9199400  15.6996300  15.9197900   1.0002150  15.7030400
    8   13  16.4201300  15.6998400  16.4196900   1.0006820  15.7029400
    9   13  16.6703600  15.7000700  16.6695700   1.0012140  15.7028200
   10   13  16.9207700  15.7004800  16.9193500   1.0021570  15.7026200
   11   13  17.1715000  15.7012100  17.1689700   1.0038290  15.7022500
   12   13  17.4228000  15.7025100  17.4183000   1.0067830  15.7015900
   13   13  17.6245100  15.7042400  17.6174000   1.0106980  15.7007200
   14   13  17.8272200  15.7069500  17.8159700   1.0168240  15.6993400
   15   13  17.9802200  15.7099700  17.9644000   1.0235610  15.6978000
   16   13  18.1344200  15.7141800  18.1121600   1.0328810  15.6956300
   17   13  18.2902600  15.7200500  18.2590300   1.0456700  15.6925800
   18   13  18.4483400  15.7281700  18.4046300   1.0630170  15.6883000
   19   13  18.6094600  15.7393400  18.5484600   1.0861860  15.6823100
   20   13  18.7745600  15.7545100  18.6898600   1.1164840  15.6739600
   21   13  18.9448200  15.7748700  18.8279500   1.1550140  15.6623800
   22   13  19.1215000  15.8017100  18.9615400   1.2022640  15.6464600
   23   13  19.3059000  15.8363300  19.0892000   1.2575910  15.6247900
   24   13  19.4336700  15.8642800  19.1701800   1.2979450  15.6063400
   25   13  19.5655500  15.8964000  19.2472200   1.3398810  15.5841000
   26   13  19.7016400  15.9328000  19.3198000   1.3820620  15.5575800
   27   13  19.8419100  15.9734500  19.3874800   1.4230050  15.5263600
   28   13  19.9861600  16.0181400  19.4499500   1.4612560  15.4901600
   29   13  20.1340300  16.0665800  19.5071200   1.4955710  15.4489600
   30   13  20.3616900  16.1453000  19.5834800   1.5378620  15.3783900
   31   13  20.5948000  16.2298200  19.6503400   1.5683280  15.2992000
   32   13  20.8316300  16.3184500  19.7104700   1.5878040  15.2143100
   33   13  21.0706900  16.4097500  19.7666100   1.5981830  15.1265400
   34   13  21.3107400  16.5025900  19.8206400   1.6015070  15.0379300
   35   13  21.5508700  16.5961400  19.8737400   1.5994620  14.9497400
   36   13  21.8699600  16.7208800  19.9442200   1.5904700  14.8341400
   37   13  22.1867000  16.8446900  20.0153900   1.5760770  14.7219100
   38   13  22.5778900  16.9969300  20.1068500   1.5525420  14.5876100
   39   13  23.0387200  17.1743900  20.2228200   1.5190800  14.4364100
   40   13  23.4891200  17.3447200  20.3486600   1.4834940  14.2963900
   41   13  24.2167600  17.6105300  20.5864100   1.4288160  14.0851000
   42   13  24.9203100  17.8534500  20.8594800   1.3880890  13.8941100
   43   13  26.2846300  18.2826900  21.4757500   1.3480130  13.5425300
    1   14  11.4198400  15.9016100  11.4198400   1.0000000  15.9071600
    2   14  12.4198400  15.9016100  12.4198400   1.0000000  15.9071600
    3   14  13.4198400  15.9016100  13.4198400   1.0000000  15.9071600
    4   14  14.4198400  15.9016100  14.4198400   1.0000010  15.9071600
    5   14  15.4198500  15.9016200  15.4198400   1.0000200  15.9071500
    6   14  15.9198700  15.9016400  15.9198300   1.0000660  15.9071400
    7   14  16.4199300  15.9017000  16.4197800   1.0002130  15.9071100
    8   14  16.9201300  15.9019100  16.9196700   1.0006760  15.9070100
    9   14  17.1703600  15.9021400  17.1695700   1.0012000  15.9068900
   10   14  17.4207600  15.9025500  17.4193400   1.0021330  15.9066900
   11   14  17.6714900  15.9032700  17.6689600   1.0037870  15.9063200
   12   14  17.9227600  15.9045600  17.9182800   1.0067090  15.9056700
   13   14  18.1244600  15.9062700  18.1173800   1.0105810  15.9048000
   14   14  18.3271400  15.9089600  18.3159400   1.0166400  15.9034200
   15   14  18.4801100  15.9119500  18.4643400   1.0233020  15.9018900
   16   14  18.6342600  15.9161300  18.6120900   1.0325170  15.8997400
   17   14  18.7900300  15.9219500  18.7589200   1.0451600  15.8967100
   18   14  18.9480200  15.9300000  18.9044700   1.0623060  15.8924500
   19   14  19.1090200  15.9410600  19.0482600   1.0851990  15.8865100
   20   14  19.2739400  15.9561100  19.1896000   1.1151230  15.8782200
   21   14  19.4439600  15.9762900  19.3276000   1.1531540  15.8667400
   22   14  19.6203300  16.0028800  19.4611000   1.1997460  15.8509700
   23   14  19.8042900  16.0371700  19.5886500   1.2542290  15.8295400
   24   14  19.9316700  16.0648400  19.6695500   1.2939060  15.8113200
   25   14  20.0631100  16.0966600  19.7465200   1.3350640  15.7894000
   26   14  20.1986800  16.1327000  19.8190700   1.3763660  15.7633000
   27   14  20.3383400  16.1729200  19.8867400   1.4163320  15.7326300
   28   14  20.4818500  16.2171400  19.9492600   1.4535080  15.6971600
   29   14  20.6289000  16.2650400  20.0065400   1.4866560  15.6568700
   30   14  20.8550800  16.3428300  20.0832000   1.5270250  15.5880600
   31   14  21.0864100  16.4262500  20.1505100   1.5553520  15.5111300
   32   14  21.3211200  16.5136100  20.2112200   1.5724520  15.4289800
   33   14  21.5576700  16.6034300  20.2680900   1.5802080  15.3444100
   34   14  21.7948300  16.6945900  20.3230700   1.5806880  15.2594800
   35   14  22.0316100  16.7861900  20.3774200   1.5756590  15.1754800
   36   14  22.3455500  16.9078800  20.4503000   1.5626850  15.0661800
   37   14  22.6563500  17.0280700  20.5249100   1.5446730  14.9609700
   38   14  23.0392300  17.1749800  20.6224500   1.5177910  14.8360700
   39   14  23.4893600  17.3450100  20.7484800   1.4829230  14.6962200
   40   14  23.9290900  17.5071700  20.8867700   1.4491060  14.5665900
   41   14  24.6413500  17.7589700  21.1463700   1.4023790  14.3686100
   42   14  25.3340900  17.9892500  21.4369200   1.3710550  14.1857100
   43   14  26.6882100  18.4006500  22.0700800   1.3429010  13.8405900
    1   15  11.9198400  16.1048400  11.9198400   1.0000000  16.1134100
    2   15  12.9198400  16.1048400  12.9198400   1.0000000  16.1134100
    3   15  13.9198400  16.1048400  13.9198400   1.0000000  16.1134100
    4   15  14.9198400  16.1048400  14.9198400   1.0000010  16.1134100
    5   15  15.9198500  16.1048400  15.9198400   1.0000200  16.1134100
    6   15  16.4198700  16.1048700  16.4198300   1.0000650  16.1134100
    7   15  16.9199300  16.1049300  16.9197800   1.0002090  16.1133700
    8   15  17.4201300  16.1051300  17.4196700   1.0006630  16.1132800
    9   15  17.6703400  16.1053600  17.6695500   1.0011800  16.1131500
   10   15  17.9207400  16.1057500  17.9193400   1.0020970  16.1129600
   11   15  18.1714600  16.1064700  18.1689600   1.0037220  16.1125900
   12   15  18.4227100  16.1077400  18.4182500   1.0065940  16.1119500
   13   15  18.6243800  16.1094300  18.6173400   1.0103990  16.1110800
   14   15  18.8270200  16.1120900  18.8158800   1.0163530  16.1097200
   15   15  18.9799300  16.1150300  18.9642600   1.0228980  16.1082000
   16   15  19.1340100  16.1191500  19.1119800   1.0319510  16.1060600
   17   15  19.2896800  16.1248900  19.2587700   1.0443690  16.1030500
   18   15  19.4475400  16.1328400  19.4042800   1.0612040  16.0988400
   19   15  19.6083300  16.1437500  19.5479800   1.0836710  16.0929700
   20   15  19.7729900  16.1585800  19.6892200   1.1130200  16.0847700
   21   15  19.9426400  16.1784800  19.8271000   1.1502840  16.0734400
   22   15  20.1184900  16.2046900  19.9604400   1.1958760  16.0578900
   23   15  20.3017800  16.2384700  20.0878400   1.2490850  16.0368100
   24   15  20.4286000  16.2657600  20.1686500   1.2877460  16.0189500
   25   15  20.5593700  16.2970800  20.2455500   1.3277530  15.9974900
   26   15  20.6941500  16.3325500  20.3180800   1.3677690  15.9720100
   27   15  20.8328800  16.3721300  20.3857800   1.4063230  15.9421500
   28   15  20.9753200  16.4156100  20.4484200   1.4419760  15.9077200
   29   15  21.1211300  16.4626900  20.5059500   1.4735050  15.8687500
   30   15  21.3451500  16.5390600  20.5831700   1.5112950  15.8024500
   31   15  21.5739100  16.6208600  20.6513300   1.5368910  15.7286700
   32   15  21.8056400  16.7063700  20.7131600   1.5511320  15.6502400
   33   15  22.0387800  16.7941100  20.7714300   1.5559410  15.5699100
   34   15  22.2720600  16.8829000  20.8282100   1.5534780  15.4896900
   35   15  22.5045600  16.9718300  20.8848800   1.5456520  15.4107900
   36   15  22.8121600  17.0895000  20.9618500   1.5294830  15.3088200
   37   15  23.1160800  17.2051600  21.0418700   1.5092700  15.2112400
   38   15  23.4899500  17.3457600  21.1480400   1.4814940  15.0958000
   39   15  23.9293900  17.5075300  21.2865600   1.4484440  14.9663700
   40   15  24.3593900  17.6611900  21.4382000   1.4189510  14.8454000
   41   15  25.0588900  17.8995900  21.7176000   1.3816860  14.6575100
   42   15  25.7434800  18.1186300  22.0216300   1.3587390  14.4802300
   43   15  27.0905400  18.5150700  22.6664400   1.3395080  14.1393600
    1   16  12.4198400  16.3098200  12.4198400   1.0000000  16.3229500
    2   16  13.4198400  16.3098200  13.4198400   1.0000000  16.3229500
    3   16  14.4198400  16.3098200  14.4198400   1.0000000  16.3229500
    4   16  15.4198400  16.3098200  15.4198400   1.0000010  16.3229500
    5   16  16.4198400  16.3098400  16.4198300   1.0000200  16.3229500
    6   16  16.9198600  16.3098600  16.9198300   1.0000630  16.3229300
    7   16  17.4199200  16.3099200  17.4197800   1.0002040  16.3229000
    8   16  17.9201200  16.3101100  17.9196700   1.0006460  16.3227900
    9   16  18.1703300  16.3103400  18.1695500   1.0011490  16.3226900
   10   16  18.4207300  16.3107200  18.4193200   1.0020400  16.3224900
   11   16  18.6714100  16.3114300  18.6689300   1.0036230  16.3221200
   12   16  18.9226300  16.3126800  18.9182200   1.0064180  16.3214800
   13   16  19.1242600  16.3143300  19.1172900   1.0101210  16.3206300
   14   16  19.3268200  16.3169200  19.3158100   1.0159130  16.3192900
   15   16  19.4796600  16.3198000  19.4641500   1.0222800  16.3177900
   16   16  19.6336300  16.3238500  19.6118300   1.0310850  16.3156700
   17   16  19.7891500  16.3294500  19.7585600   1.0431580  16.3127100
   18   16  19.9467900  16.3372300  19.9039900   1.0595190  16.3085600
   19   16  20.1072800  16.3479000  20.0475900   1.0813390  16.3027600
   20   16  20.2715300  16.3624100  20.1886900   1.1098180  16.2947000
   21   16  20.4406100  16.3818600  20.3264000   1.1459290  16.2835600
   22   16  20.6157000  16.4074800  20.4595600   1.1900300  16.2683400
   23   16  20.7979800  16.4405000  20.5867600   1.2413620  16.2477700
   24   16  20.9239600  16.4671400  20.6674600   1.2785490  16.2303900
   25   16  21.0537400  16.4977400  20.7443200   1.3169050  16.2095900
   26   16  21.1873400  16.5323400  20.8168600   1.3551130  16.1849800
   27   16  21.3247000  16.5709500  20.8847000   1.3917250  16.1562600
   28   16  21.4655900  16.6133400  20.9476300   1.4253380  16.1232700
   29   16  21.6096300  16.6591700  21.0056100   1.4547670  16.0861000
   30   16  21.8305900  16.7334800  21.0839500   1.4893800  16.0231900
   31   16  22.0558300  16.8129400  21.1536800   1.5118590  15.9535700
   32   16  22.2835800  16.8958400  21.2175400   1.5231250  15.8799100
   33   16  22.5123100  16.9806900  21.2783300   1.5251940  15.8048000
   34   16  22.7407900  17.0663400  21.3382100   1.5203510  15.7301000
   35   16  22.9681700  17.1518500  21.3986500   1.5106570  15.6569400
   36   16  23.2686100  17.2645800  21.4817900   1.4930330  15.5626900
   37   16  23.5652100  17.3749000  21.5692200   1.4727410  15.4726300
   38   16  23.9301400  17.5084800  21.6859700   1.4467890  15.3658300
   39   16  24.3597800  17.6616900  21.8378900   1.4181440  15.2451100
   40   16  24.7815000  17.8070300  22.0020900   1.3943100  15.1308400
   41   16  25.4710800  18.0331800  22.2976900   1.3662760  14.9501800
   42   16  26.1497800  18.2425300  22.6115400   1.3501230  14.7766800
   43   16  27.4920500  18.6266100  23.2641100   1.3372850  14.4385700
    1   17  12.9198400  16.5174400  12.9198400   1.0000000  16.5370700
    2   17  13.9198400  16.5174400  13.9198400   1.0000000  16.5370700
    3   17  14.9198400  16.5174400  14.9198400   1.0000000  16.5370700
    4   17  15.9198400  16.5174400  15.9198400   1.0000010  16.5370700
    5   17  16.9198400  16.5174400  16.9198300   1.0000190  16.5370700
    6   17  17.4198600  16.5174500  17.4198300   1.0000610  16.5370600
    7   17  17.9199200  16.5175100  17.9197800   1.0001950  16.5370300
    8   17  18.4201000  16.5177100  18.4196700   1.0006190  16.5369400
    9   17  18.6703100  16.5179200  18.6695400   1.0011010  16.5368300
   10   17  18.9206800  16.5183100  18.9193100   1.0019560  16.5366300
   11   17  19.1713500  16.5189800  19.1689100   1.0034720  16.5362700
   12   17  19.4225300  16.5201800  19.4181800   1.0061520  16.5356400
   13   17  19.6240800  16.5217700  19.6172300   1.0097000  16.5348000
   14   17  19.8265300  16.5242900  19.8157000   1.0152510  16.5334700
   15   17  19.9792600  16.5270800  19.9640000   1.0213500  16.5319900
   16   17  20.1330500  16.5309700  20.1116300   1.0297830  16.5299200
   17   17  20.2883400  16.5363900  20.2582800   1.0413400  16.5270000
   18   17  20.4456600  16.5438900  20.4035900   1.0569930  16.5229300
   19   17  20.6057100  16.5542100  20.5470700   1.0778530  16.5172500
   20   17  20.7693300  16.5682200  20.6880000   1.1050450  16.5093600
   21   17  20.9375700  16.5870000  20.8255100   1.1394710  16.4985100
   22   17  21.1115500  16.6117400  20.9584500   1.1814160  16.4837100
   23   17  21.2923400  16.6435800  21.0854700   1.2300870  16.4638300
   24   17  21.4170900  16.6692600  21.1661200   1.2652200  16.4471100
   25   17  21.5454200  16.6987400  21.2429900   1.3013280  16.4272000
   26   17  21.6773500  16.7320800  21.3156800   1.3371320  16.4037400
   27   17  21.8127800  16.7692400  21.3838900   1.3712450  16.3765200
   28   17  21.9515000  16.8100200  21.4474100   1.4023330  16.3454200
   29   17  22.0931200  16.8540900  21.5063000   1.4292880  16.3105700
   30   17  22.3099900  16.9254600  21.5866000   1.4604380  16.2519300
   31   17  22.5306700  17.0016600  21.6590500   1.4799090  16.1874000
   32   17  22.7534300  17.0810500  21.7263400   1.4887390  16.1193800
   33   17  22.9768600  17.1621700  21.7911900   1.4890220  16.0501700
   34   17  23.1998200  17.2438300  21.8557800   1.4831090  15.9814300
   35   17  23.4215800  17.3252200  21.9216100   1.4731140  15.9141100
   36   17  23.7145800  17.4322200  22.0128400   1.4563110  15.8272700
   37   17  24.0040200  17.5366800  22.1091000   1.4381110  15.7439400
   38   17  24.3607600  17.6629400  22.2371000   1.4161280  15.6443500
   39   17  24.7820500  17.8077300  22.4016400   1.3932730  15.5304100
   40   17  25.1972100  17.9453700  22.5764300   1.3752700  15.4210500
   41   17  25.8793700  18.1607000  22.8843000   1.3552190  15.2453900
   42   17  26.5539500  18.3618700  23.2049500   1.3442330  15.0744000
   43   17  27.8930200  18.7358300  23.8626400   1.3358380  14.7380700
    1   18  13.4198400  16.7287500  13.4198400   1.0000000  16.7573200
    2   18  14.4198400  16.7287500  14.4198400   1.0000000  16.7573200
    3   18  15.4198400  16.7287500  15.4198400   1.0000000  16.7573200
    4   18  16.4198400  16.7287500  16.4198400   1.0000000  16.7573200
    5   18  17.4198400  16.7287500  17.4198300   1.0000180  16.7573200
    6   18  17.9198600  16.7287700  17.9198300   1.0000570  16.7573000
    7   18  18.4199200  16.7288300  18.4197800   1.0001830  16.7572700
    8   18  18.9200800  16.7290100  18.9196600   1.0005800  16.7571800
    9   18  19.1702800  16.7292100  19.1695400   1.0010310  16.7570800
   10   18  19.4206300  16.7295800  19.4192900   1.0018320  16.7568800
   11   18  19.6712400  16.7302200  19.6688800   1.0032520  16.7565300
   12   18  19.9223400  16.7313500  19.9181300   1.0057620  16.7559200
   13   18  20.1238000  16.7328600  20.1171500   1.0090840  16.7550900
   14   18  20.3261100  16.7352400  20.3155800   1.0142810  16.7537800
   15   18  20.4786500  16.7378800  20.4638300   1.0199890  16.7523400
   16   18  20.6322100  16.7415700  20.6113800   1.0278800  16.7503000
   17   18  20.7871700  16.7467100  20.7579600   1.0386880  16.7474600
   18   18  20.9440100  16.7538200  20.9031600   1.0533180  16.7434800
   19   18  21.1034000  16.7635800  21.0464900   1.0727970  16.7379400
   20   18  21.2661400  16.7768400  21.1872400   1.0981590  16.7302800
   21   18  21.4331900  16.7946100  21.3245600   1.1302130  16.7197700
   22   18  21.6055600  16.8180200  21.4573300   1.1691810  16.7055300
   23   18  21.7842500  16.8481500  21.5843000   1.2142620  16.6865000
   24   18  21.9072800  16.8724300  21.6650000   1.2467020  16.6706200
   25   18  22.0336100  16.9002900  21.7421200   1.2799390  16.6517900
   26   18  22.1632600  16.9318000  21.8152700   1.3127810  16.6297900
   27   18  22.2961200  16.9669100  21.8842400   1.3439460  16.6044000
   28   18  22.4319600  17.0054300  21.9489100   1.3722200  16.5756000
   29   18  22.5704300  17.0470400  22.0093600   1.3966080  16.5435000
   30   18  22.7821600  17.1143900  22.0929200   1.4245810  16.4898300
   31   18  22.9972600  17.1863000  22.1696600   1.4418550  16.4310300
   32   18  23.2142300  17.2611800  22.2420900   1.4495220  16.3691200
   33   18  23.4317400  17.3376600  22.3127400   1.4496240  16.3060100
   34   18  23.6488400  17.4146400  22.3836300   1.4444180  16.2431300
   35   18  23.8649100  17.4912800  22.4561600   1.4359060  16.1812800
   36   18  24.1507400  17.5920400  22.5565900   1.4220420  16.1009900
   37   18  24.4336800  17.6904100  22.6619500   1.4075460  16.0232500
   38   18  24.7834100  17.8094600  22.8005300   1.3906860  15.9293200
   39   18  25.1979900  17.9463500  22.9757600   1.3738670  15.8204000
   40   18  25.6081500  18.0770700  23.1587600   1.3611240  15.7145000
   41   18  26.2849500  18.2830900  23.4754400   1.3474730  15.5422400
   42   18  26.9566900  18.4774400  23.8006800   1.3402570  15.3729200
   43   18  28.2936500  18.8432100  24.4617000   1.3348970  15.0377500
    1   19  13.9198400  16.9450500  13.9198400   1.0000000  16.9848600
    2   19  14.9198400  16.9450500  14.9198400   1.0000000  16.9848600
    3   19  15.9198400  16.9450500  15.9198400   1.0000000  16.9848600
    4   19  16.9198400  16.9450500  16.9198400   1.0000000  16.9848600
    5   19  17.9198400  16.9450600  17.9198300   1.0000160  16.9848600
    6   19  18.4198600  16.9450800  18.4198100   1.0000520  16.9848400
    7   19  18.9199000  16.9451200  18.9197800   1.0001650  16.9848100
    8   19  19.4200700  16.9452900  19.4196600   1.0005250  16.9847200
    9   19  19.6702400  16.9454800  19.6695200   1.0009330  16.9846100
   10   19  19.9205600  16.9458100  19.9192800   1.0016580  16.9844200
   11   19  20.1711200  16.9464100  20.1688500   1.0029430  16.9840800
   12   19  20.4221100  16.9474400  20.4180900   1.0052130  16.9834700
   13   19  20.6234200  16.9488300  20.6170800   1.0082190  16.9826800
   14   19  20.8255100  16.9510100  20.8154700   1.0129200  16.9813900
   15   19  20.9778100  16.9534400  20.9636900   1.0180830  16.9799900
   16   19  21.1310400  16.9568300  21.1111900   1.0252180  16.9780100
   17   19  21.2855200  16.9615400  21.2576900   1.0349880  16.9752300
   18   19  21.4417100  16.9680700  21.4028100   1.0482070  16.9713500
   19   19  21.6002000  16.9770500  21.5460300   1.0657950  16.9659800
   20   19  21.7617100  16.9892200  21.6867000   1.0886800  16.9586000
   21   19  21.9271000  17.0055500  21.8239500   1.1175750  16.9485100
   22   19  22.0972900  17.0270500  21.9567700   1.1526630  16.9349200
   23   19  22.2731700  17.0547400  22.0839800   1.1932050  16.9169100
   24   19  22.3939500  17.0770500  22.1650800   1.2223530  16.9019900
   25   19  22.5176600  17.1026700  22.2428200   1.2522080  16.8844400
   26   19  22.6443700  17.1316500  22.3169700   1.2817130  16.8640700
   27   19  22.7739700  17.1639500  22.3873200   1.3097440  16.8407500
   28   19  22.9062300  17.1994100  22.4539100   1.3352480  16.8144800
   29   19  23.0409000  17.2377700  22.5168600   1.3573690  16.7853800
   30   19  23.2465500  17.2999500  22.6052200   1.3830890  16.7369800
   31   19  23.4553600  17.3664500  22.6879100   1.3995730  16.6840900
   32   19  23.6660100  17.4358500  22.7671200   1.4077960  16.6282800
   33   19  23.8773800  17.5068900  22.8450000   1.4095440  16.5710600
   34   19  24.0886500  17.5785500  22.9232900   1.4067850  16.5135600
   35   19  24.2992700  17.6500500  23.0030800   1.4012510  16.4565200
   36   19  24.5786100  17.7443000  23.1127700   1.3918060  16.3816900
   37   19  24.8559700  17.8366200  23.2265400   1.3818530  16.3084100
   38   19  25.1999600  17.9487900  23.3741300   1.3703810  16.2187800
   39   19  25.6093100  18.0784900  23.5577600   1.3591450  16.1135100
   40   19  26.0157400  18.2031200  23.7468100   1.3508070  16.0100500
   41   19  26.6887300  18.4012400  24.0696200   1.3420780  15.8401400
   42   19  27.3585200  18.5899600  24.3979000   1.3375690  15.6719300
   43   19  28.6940600  18.9490900  25.0610800   1.3342800  15.3375400
    1   20  14.4198400  17.1674100  14.4198400   1.0000000  17.2196900
    2   20  15.4198400  17.1674100  15.4198400   1.0000000  17.2196900
    3   20  16.4198400  17.1674100  16.4198400   1.0000000  17.2196900
    4   20  17.4198400  17.1674100  17.4198400   1.0000000  17.2196900
    5   20  18.4198400  17.1674300  18.4198300   1.0000140  17.2196900
    6   20  18.9198600  17.1674400  18.9198100   1.0000440  17.2196900
    7   20  19.4199000  17.1674900  19.4197800   1.0001430  17.2196600
    8   20  19.9200400  17.1676300  19.9196600   1.0004520  17.2195700
    9   20  20.1701900  17.1678000  20.1695200   1.0008030  17.2194600
   10   20  20.4204500  17.1680900  20.4192800   1.0014270  17.2192600
   11   20  20.6709400  17.1686000  20.6688500   1.0025330  17.2189400
   12   20  20.9217900  17.1695000  20.9180900   1.0044890  17.2183500
   13   20  21.1229400  17.1707300  21.1170800   1.0070780  17.2175700
   14   20  21.3247200  17.1726500  21.3154700   1.0111270  17.2163300
   15   20  21.4767100  17.1747700  21.4636800   1.0155740  17.2149600
   16   20  21.6294800  17.1777400  21.6111900   1.0217200  17.2130500
   17   20  21.7833400  17.1818800  21.7577000   1.0301390  17.2103700
   18   20  21.9386700  17.1876200  21.9028400   1.0415330  17.2066300
   19   20  22.0959900  17.1954800  22.0461200   1.0567010  17.2014700
   20   20  22.2559200  17.2061900  22.1869200   1.0764510  17.1943900
   21   20  22.4191800  17.2205300  22.3244400   1.1014190  17.1847900
   22   20  22.5866000  17.2394500  22.4577400   1.1317980  17.1719600
   23   20  22.7589700  17.2638700  22.5858400   1.1670170  17.1551000
   24   20  22.8769300  17.2835600  22.6678400   1.1924490  17.1412600
   25   20  22.9974800  17.3062200  22.7468500   1.2186300  17.1250900
   26   20  23.1206500  17.3319000  22.8227000   1.2446930  17.1064600
   27   20  23.2463800  17.3606100  22.8952900   1.2697110  17.0852900
   28   20  23.3745400  17.3922100  22.9646700   1.2928050  17.0615900
   29   20  23.5048600  17.4264800  23.0310500   1.3132540  17.0354900
   30   20  23.7037900  17.4822900  23.1256200   1.3379840  16.9922300
   31   20  23.9058800  17.5423200  23.2155700   1.3552330  16.9449600
   32   20  24.1100300  17.6053700  23.3026400   1.3656530  16.8948200
   33   20  24.3153000  17.6702800  23.3884800   1.3705850  16.8429700
   34   20  24.5210100  17.7361400  23.4744400   1.3715640  16.7902800
   35   20  24.7266300  17.8022400  23.5613700   1.3699820  16.7373800
   36   20  25.0002400  17.8898900  23.6795500   1.3657260  16.6670800
   37   20  25.2728700  17.9763000  23.8004900   1.3605610  16.5973500
   38   20  25.6122100  18.0820300  23.9552700   1.3542570  16.5110400
   39   20  26.0175000  18.2052100  24.1452700   1.3479250  16.4085300
   40   20  26.4211200  18.3245500  24.3386500   1.3431900  16.3068600
   41   20  27.0913500  18.5159700  24.6657200   1.3382400  16.1386400
   42   20  27.7597600  18.7000400  24.9960700   1.3356990  15.9712300
   43   20  29.0943200  19.0537800  25.6606900   1.3338580  15.6373900
